1.0000	0.6787	0.6773	0.6744	0.8636	0.8457	0.8772	0.8359	0.8621	0.8643
0.6787	1.0000	0.8702	0.8338	0.7367	0.7376	0.6655	0.6694	0.7389	0.7367
0.6773	0.8702	1.0000	0.8467	0.7362	0.7419	0.6634	0.6446	0.7382	0.7357
0.6744	0.8338	0.8467	1.0000	0.7310	0.7297	0.6721	0.6523	0.7341	0.7314
0.8636	0.7367	0.7362	0.7310	1.0000	0.9345	0.8739	0.8353	0.9924	0.9861
0.8457	0.7376	0.7419	0.7297	0.9345	1.0000	0.8525	0.8130	0.9337	0.9323
0.8772	0.6655	0.6634	0.6721	0.8739	0.8525	1.0000	0.8919	0.8714	0.8736
0.8359	0.6694	0.6446	0.6523	0.8353	0.8130	0.8919	1.0000	0.8327	0.8351
0.8621	0.7389	0.7382	0.7341	0.9924	0.9337	0.8714	0.8327	1.0000	0.9869
0.8643	0.7367	0.7357	0.7314	0.9861	0.9323	0.8736	0.8351	0.9869	1.0000
